//*
 * Project:Ewigkeit
 * CodeName:Canon
 * Build:2020/11/26
 * Author:torinosubako
*/


//山善・扇風機・ON&OFF(状態情報無し)
Timestamp : 000019.729
Library   : v2.7.9
Protocol  : NEC
Code      : 0x41C4F807 (32 Bits)
uint16_t rawData[67] = {8932, 4510,  526, 602,  522, 1720,  532, 594,  524, 600,  522, 602,  524, 600,  522, 602,  554, 1694,  530, 1712,  528, 1716,  524, 602,  524, 602,  524, 600,  532, 1714,  526, 600,  526, 600,  522, 1720,  524, 1720,  524, 1720,  532, 1712,  524, 1720,  524, 600,  522, 602,  552, 574,  528, 596,  524, 600,  530, 594,  522, 602,  524, 600,  524, 1720,  528, 1716,  532, 1712,  524};  // NEC 41C4F807
uint32_t address = 0x2382;
uint32_t command = 0x1F;
uint64_t data = 0x41C4F807;

//山善・扇風機・風量制御(状態情報無し)
Timestamp : 000050.122
Library   : v2.7.9
Protocol  : NEC
Code      : 0x41C4D827 (32 Bits)
uint16_t rawData[71] = {9022, 4540,  540, 600,  540, 1708,  540, 600,  540, 576,  562, 572,  538, 600,  540, 598,  540, 1708,  542, 1710,  538, 1716,  564, 572,  538, 600,  540, 576,  562, 1710,  542, 576,  562, 596,  514, 1714,  564, 1708,  542, 576,  562, 1708,  542, 1708,  540, 600,  540, 576,  564, 572,  538, 600,  540, 598,  540, 1708,  540, 598,  542, 570,  538, 1716,  562, 1710,  542, 1708,  540, 43536,  9022, 2288,  542};  // NEC 41C4D827
uint32_t address = 0x2382;
uint32_t command = 0x1B;
uint64_t data = 0x41C4D827;

/山善・扇風機・リズム制御(状態情報無し)
Timestamp : 000155.795
Library   : v2.7.9
Protocol  : NEC
Code      : 0x41C4E817 (32 Bits)
uint16_t rawData[71] = {9028, 4532,  550, 572,  566, 1704,  548, 592,  546, 592,  536, 602,  520, 594,  544, 592,  536, 1692,  570, 1704,  546, 1704,  562, 602,  520, 594,  544, 592,  536, 1692,  568, 592,  536, 602,  520, 1704,  564, 1692,  568, 1704,  546, 592,  546, 1704,  550, 590,  544, 568,  560, 578,  544, 592,  546, 592,  536, 602,  520, 1704,  562, 602,  520, 1704,  562, 1694,  568, 1704,  546, 43526,  9030, 2260,  570};  // NEC 41C4E817
uint32_t address = 0x2382;
uint32_t command = 0x17;
uint64_t data = 0x41C4E817;


//東芝・液晶テレビ・ON&OFF(状態情報無し)
Timestamp : 000258.343
Library   : v2.7.9
Protocol  : NEC
Code      : 0x2FD48B7 (32 Bits)
uint16_t rawData[71] = {9012, 4494,  566, 594,  540, 592,  540, 592,  540, 594,  540, 568,  564, 568,  564, 1676,  566, 592,  540, 1676,  566, 1676,  566, 1676,  566, 1676,  566, 1674,  566, 1676,  566, 594,  540, 1676,  566, 594,  540, 1676,  566, 570,  564, 594,  540, 1676,  566, 592,  540, 592,  540, 594,  540, 1676,  566, 592,  540, 1674,  566, 1676,  566, 592,  540, 1674,  566, 1674,  566, 1676,  566, 39950,  9012, 2250,  568};  // NEC 2FD48B7
uint32_t address = 0x40;
uint32_t command = 0x12;
uint64_t data = 0x2FD48B7;

//東芝・液晶テレビ・チャンネル上げ(状態情報無し)
Timestamp : 000347.111
Library   : v2.7.9
Protocol  : NEC
Code      : 0x2FDD827 (32 Bits)
uint16_t rawData[71] = {9016, 4492,  570, 590,  542, 592,  542, 590,  542, 592,  542, 592,  542, 590,  542, 1674,  568, 590,  544, 1672,  568, 1674,  568, 1674,  568, 1672,  570, 1672,  568, 1672,  568, 592,  542, 1672,  568, 1674,  568, 1674,  568, 592,  542, 1698,  544, 1672,  568, 590,  542, 592,  542, 590,  542, 592,  542, 592,  542, 1672,  568, 592,  542, 592,  542, 1672,  568, 1672,  568, 1672,  570, 39942,  9014, 2248,  570};  // NEC 2FDD827
uint32_t address = 0x40;
uint32_t command = 0x1B;
uint64_t data = 0x2FDD827;

//東芝・液晶テレビ・チャンネル下げ(状態情報無し)
Timestamp : 000531.209
Library   : v2.7.9
Protocol  : NEC
Code      : 0x2FDF807 (32 Bits)
uint16_t rawData[71] = {9012, 4494,  566, 570,  564, 592,  540, 570,  564, 592,  542, 592,  540, 592,  540, 1676,  566, 592,  540, 1676,  566, 1676,  566, 1674,  566, 1676,  566, 1676,  566, 1674,  566, 592,  542, 1674,  566, 1674,  566, 1674,  568, 1676,  566, 1676,  566, 1674,  566, 594,  540, 592,  540, 594,  540, 594,  540, 592,  540, 594,  540, 594,  540, 592,  540, 1676,  566, 1676,  566, 1676,  564, 39944,  9014, 2250,  568};  // NEC 2FDF807
uint32_t address = 0x40;
uint32_t command = 0x1F;
uint64_t data = 0x2FDF807;

//松下(Panasonic)・LEDシーリング・全灯(チャネル2)
Timestamp : 000221.684
Library   : v2.7.11
Protocol  : UNKNOWN
Code      : 0x5DF2C18E (42 Bits)
uint16_t rawData[83] = {3446, 1800,  384, 490,  376, 514,  350, 1368,  380, 1364,  384, 486,  380, 1368,  380, 490,  376, 494,  370, 516,  350, 1364,  384, 514,  352, 514,  350, 1370,  378, 516,  350, 1376,  372, 516,  350, 1368,  380, 484,  382, 490,  374, 1364,  384, 514,  350, 514,  350, 514,  352, 516,  350, 514,  352, 514,  350, 1364,  384, 492,  374, 1364,  384, 1370,  378, 514,  352, 488,  376, 1372,  376, 488,  378, 1374,  418, 1352,  398, 1320,  426, 1344,  408, 468,  394, 472,  394};  // UNKNOWN 5DF2C18E

//松下(Panasonic)・LEDシーリング・消灯(チャネル2)
Timestamp : 000518.484
Library   : v2.7.11
Protocol  : UNKNOWN
Code      : 0xCA0A68FC (42 Bits)
uint16_t rawData[83] = {3434, 1810,  376, 494,  372, 494,  370, 1372,  376, 1372,  376, 494,  372, 1374,  374, 494,  372, 494,  372, 494,  372, 1372,  374, 494,  372, 494,  372, 1372,  376, 494,  370, 1374,  376, 494,  372, 1372,  376, 494,  370, 494,  372, 1372,  376, 494,  372, 494,  370, 496,  370, 494,  372, 1372,  376, 1374,  374, 1372,  374, 496,  370, 1374,  374, 1372,  376, 496,  370, 494,  372, 494,  370, 1372,  376, 1374,  376, 1372,  374, 1374,  376, 1372,  374, 496,  372, 494,  370};  // UNKNOWN CA0A68FC



//以下、東芝のエアコンの操作は外部ライブラリを導入することで解決。

//これ以後、参考データ
//東芝・エアコン・(冷房/設定:25度/風量:自動/パワーセレクト:50%/風向:スイング)
Timestamp : 000106.962
Library   : v2.7.9
Protocol  : UNKNOWN
Code      : 0x87EA602C (148 Bits)
uint16_t rawData[295] = {4402, 4410,  532, 1630,  532, 1632,  530, 1630,  532, 1632,  530, 576,  504, 576,  504, 1630,  532, 552,  528, 552,  528, 578,  504, 548,  504, 576,  504, 1630,  532, 1630,  532, 576,  504, 1630,  530, 578,  504, 552,  528, 576,  504, 578,  504, 576,  504, 576,  504, 1630,  532, 1630,  532, 1628,  532, 1630,  532, 1630,  530, 1630,  532, 1630,  532, 1630,  530, 576,  504, 576,  504, 578,  504, 576,  504, 576,  504, 576,  504, 576,  504, 552,  528, 576,  504, 1630,  532, 1630,  532, 576,  504, 576,  504, 576,  504, 552,  528, 576,  504, 576,  504, 576,  504, 576,  504, 578,  502, 578,  504, 552,  528, 576,  504, 576,  504, 576,  504, 1630,  532, 1628,  532, 576,  504, 576,  504, 1630,  530, 576,  504, 576,  504, 578,  502, 578,  502, 578,  502, 578,  502, 576,  504, 1630,  532, 576,  504, 526,  528, 576,  504, 578,  504, 4682,  4400, 4410,  534, 1630,  530, 1630,  532, 1630,  530, 1630,  530, 576,  504, 578,  504, 1632,  530, 576,  504, 576,  504, 578,  502, 576,  504, 576,  504, 1630,  530, 1632,  530, 576,  504, 1630,  530, 576,  504, 578,  504, 574,  504, 578,  504, 576,  504, 576,  504, 1630,  530, 1630,  532, 1630,  530, 1632,  530, 1630,  532, 1630,  532, 1630,  532, 1630,  530, 576,  504, 576,  504, 576,  504, 576,  504, 576,  504, 550,  504, 552,  530, 576,  504, 578,  504, 1630,  532, 1630,  532, 576,  504, 576,  504, 576,  504, 576,  504, 576,  504, 578,  504, 576,  504, 576,  504, 576,  504, 576,  504, 576,  504, 576,  504, 576,  504, 576,  504, 1630,  532, 1630,  532, 576,  504, 552,  530, 1628,  532, 576,  504, 576,  504, 576,  504, 578,  504, 576,  504, 576,  504, 576,  504, 1630,  532, 576,  504, 576,  504, 576,  504, 576,  504};  // UNKNOWN 87EA602C

//東芝・エアコン・(除湿/設定:25度/風量:自動/パワーセレクト:50%/風向:スイング)
Timestamp : 000515.284
Library   : v2.7.9
Protocol  : UNKNOWN
Code      : 0x8FC18980 (148 Bits)
uint16_t rawData[295] = {4428, 4384,  558, 1602,  558, 1602,  558, 1602,  560, 1602,  536, 572,  508, 572,  532, 1602,  558, 550,  532, 550,  508, 572,  530, 524,  506, 574,  530, 1604,  558, 1602,  536, 548,  556, 1604,  558, 524,  554, 526,  556, 550,  506, 574,  508, 574,  506, 578,  524, 1604,  558, 1602,  536, 1626,  556, 1606,  558, 1604,  534, 1626,  536, 1628,  558, 1602,  558, 550,  506, 574,  508, 572,  506, 548,  552, 552,  528, 552,  530, 550,  530, 550,  506, 574,  506, 1626,  558, 1602,  536, 574,  506, 574,  506, 574,  506, 574,  506, 574,  506, 574,  530, 550,  506, 576,  504, 574,  506, 574,  506, 548,  556, 526,  532, 574,  506, 1626,  534, 574,  506, 1628,  534, 574,  506, 574,  506, 574,  508, 572,  506, 574,  506, 548,  532, 574,  506, 574,  506, 574,  506, 546,  506, 574,  506, 548,  532, 574,  506, 1628,  534, 1626,  534, 4680,  4404, 4408,  536, 1626,  534, 1626,  534, 1628,  534, 1628,  534, 574,  506, 574,  506, 1626,  534, 574,  506, 574,  506, 574,  506, 574,  508, 572,  506, 1626,  536, 1628,  534, 574,  506, 1628,  534, 574,  506, 574,  506, 574,  506, 574,  506, 548,  532, 574,  506, 1628,  534, 1628,  532, 1628,  534, 1626,  536, 1628,  532, 1628,  534, 1628,  534, 1628,  532, 574,  506, 574,  506, 574,  506, 574,  506, 574,  506, 548,  506, 574,  506, 576,  506, 574,  506, 1628,  532, 1628,  534, 574,  506, 574,  506, 574,  506, 574,  506, 574,  506, 574,  506, 574,  506, 574,  506, 574,  506, 574,  506, 574,  506, 574,  506, 576,  506, 1628,  534, 574,  506, 1628,  532, 576,  508, 572,  506, 574,  506, 574,  506, 574,  506, 576,  504, 574,  506, 574,  504, 576,  506, 574,  506, 574,  506, 576,  504, 576,  506, 1628,  534, 1628,  534};  // UNKNOWN 8FC18980

//東芝・エアコン・(暖房/設定:20度/風量:自動/パワーセレクト:50%/風向:スイング)
Timestamp : 001185.346
Library   : v2.7.9
Protocol  : UNKNOWN
Code      : 0x9840CCB4 (148 Bits)
uint16_t rawData[295] = {4400, 4410,  532, 1632,  530, 1630,  532, 1632,  530, 1630,  532, 576,  504, 552,  530, 1630,  530, 576,  504, 576,  504, 576,  526, 528,  502, 552,  528, 1632,  530, 1632,  552, 554,  504, 1632,  552, 554,  526, 554,  504, 576,  504, 578,  522, 558,  502, 578,  504, 1632,  530, 1632,  530, 1632,  530, 1632,  552, 1610,  530, 1630,  530, 1632,  530, 1632,  530, 576,  526, 556,  504, 576,  504, 578,  502, 578,  504, 578,  502, 578,  502, 578,  502, 578,  504, 1630,  530, 578,  526, 530,  528, 1632,  530, 1632,  530, 578,  502, 578,  502, 578,  528, 552,  504, 578,  502, 578,  504, 578,  502, 554,  526, 578,  502, 578,  504, 1632,  528, 1630,  532, 1632,  530, 576,  504, 578,  502, 578,  504, 576,  504, 578,  502, 578,  502, 578,  502, 1632,  530, 578,  502, 1632,  530, 1632,  530, 578,  504, 578,  502, 1632,  530, 578,  502, 4658,  4400, 4412,  530, 1632,  530, 1632,  530, 1630,  530, 1630,  530, 578,  504, 552,  528, 1632,  530, 552,  528, 578,  502, 578,  504, 578,  502, 578,  502, 1632,  530, 1632,  530, 578,  502, 1632,  530, 578,  502, 552,  528, 578,  502, 578,  504, 576,  504, 578,  502, 1632,  530, 1630,  530, 1632,  530, 1630,  532, 1632,  530, 1632,  530, 1632,  528, 1634,  530, 578,  502, 578,  502, 578,  504, 578,  502, 578,  502, 578,  504, 578,  502, 578,  502, 578,  502, 1632,  530, 578,  504, 550,  502, 1658,  530, 1632,  530, 550,  504, 578,  502, 578,  502, 578,  502, 578,  502, 578,  502, 578,  504, 578,  502, 552,  528, 578,  502, 1632,  530, 1632,  530, 1632,  530, 576,  504, 578,  502, 578,  502, 578,  502, 578,  502, 578,  502, 552,  528, 1632,  530, 578,  504, 1632,  530, 1632,  530, 578,  504, 578,  502, 1634,  530, 576,  504};  // UNKNOWN 9840CCB4
16:24:23.580 -> 

//東芝・エアコン・停止(冷房・除湿からの停止)
Timestamp : 001417.439
Library   : v2.7.9
Protocol  : UNKNOWN
Code      : 0xAED7D634 (148 Bits)
uint16_t rawData[295] = {4404, 4410,  558, 1604,  556, 1604,  536, 1626,  560, 1602,  558, 550,  508, 574,  506, 1626,  534, 574,  506, 574,  528, 550,  508, 546,  506, 574,  530, 1604,  534, 1626,  554, 552,  508, 1628,  534, 574,  530, 550,  506, 574,  506, 574,  506, 574,  526, 554,  506, 1626,  534, 1628,  558, 1604,  534, 1628,  534, 1626,  558, 1602,  560, 1602,  536, 1628,  534, 574,  528, 552,  530, 552,  506, 574,  508, 548,  532, 574,  530, 550,  508, 574,  506, 574,  528, 1606,  556, 1606,  558, 550,  506, 574,  530, 552,  506, 574,  506, 574,  508, 574,  506, 574,  506, 574,  506, 572,  508, 574,  506, 574,  506, 574,  506, 1628,  534, 1626,  536, 1628,  534, 1628,  534, 574,  506, 574,  508, 574,  506, 574,  506, 574,  506, 574,  506, 574,  508, 574,  528, 552,  506, 574,  506, 574,  506, 574,  506, 1630,  532, 1628,  536, 546,  506, 4680,  4404, 4408,  536, 1628,  534, 1628,  534, 1628,  534, 1628,  534, 574,  508, 572,  506, 1628,  534, 548,  532, 574,  506, 574,  506, 574,  506, 574,  506, 1628,  534, 1628,  534, 574,  506, 1628,  534, 574,  506, 574,  506, 574,  506, 574,  508, 574,  506, 574,  506, 1628,  534, 1628,  532, 1628,  534, 1628,  534, 1628,  534, 1626,  534, 1628,  534, 1628,  532, 574,  506, 574,  506, 574,  506, 574,  506, 574,  506, 574,  506, 574,  506, 546,  506, 574,  506, 1628,  534, 1628,  534, 574,  506, 574,  506, 574,  506, 550,  532, 574,  506, 574,  506, 574,  506, 574,  506, 574,  506, 574,  506, 574,  506, 574,  506, 1628,  534, 1630,  532, 1628,  534, 1628,  534, 574,  506, 574,  506, 574,  506, 574,  506, 574,  506, 574,  506, 574,  506, 574,  506, 574,  506, 574,  506, 574,  506, 574,  506, 1628,  534, 1628,  534, 574,  506};  // UNKNOWN AED7D634


